((("strong" .
   [1 0 0 0 0 0])
  ("large" .
   [1 0 0 0 0])
  ("small" .
   [1 0 0 0 0])
  ("columns" .
   [1 0 0 0 0 0 0])
  ("row" .
   [1 0 0])
  ("_blank" .
   [1 0 0 0 0 0])
  (":group" .
   [3 0 0 0 0 0])
  (":group_id" .
   [2 0 0 0 0 0 0 0 0])
  (":course" .
   [3 0 0 0 0 0 0])
  ("filter" .
   [1 0 0 0 0 0])
  (":as" .
   [1 0 0])
  (":select" .
   [1 0 0 0 0 0 0])
  (":collection" .
   [1 0 0 0 0 0 0 0 0 0 0])
  ("Calendar" .
   [2 0 0 0 0 0 0 0])
  ("scope" .
   [2 0 0 0 0])
  (":course_id" .
   [1 0 0 0 0 0 0 0 0 0])
  (":date" .
   [1 0 0 0 0])
  (":courses" .
   [2 0 0 0 0 0 0 0])
  (":groups" .
   [1 0 0 0 0 0 0])
  ("course" .
   [1 0 0 0 0 0])
  (":all" .
   [1 0 0 0])
  ("de" .
   [1 0])))
